0 0
1000 0
2000 1
3000 1
4000 1
5000 1
6000 1
7000 1
8000 2
9000 2
10000 1
11000 2
12000 3
13000 2
14000 3
15000 3
16000 3
17000 3
18000 3
19000 3
20000 4
21000 4
22000 4
23000 3
24000 5
25000 4
26000 5
27000 5
28000 6
29000 5
30000 6
31000 5
32000 6
33000 6
34000 6
35000 7
36000 5
37000 6
38000 4
39000 7
40000 6
41000 6
42000 6
43000 6
44000 5
45000 7
46000 6
47000 6
48000 6
49000 5
50000 6
51000 6
52000 6
53000 5
54000 7
55000 8
56000 7
57000 8
58000 9
59000 10
60000 12
61000 12
62000 13
63000 12
64000 12
65000 12
66000 11
67000 8
68000 8
69000 11
70000 12
71000 12
72000 12
73000 13
74000 14
75000 13
76000 9
77000 8
78000 8
79000 7
80000 7
81000 7
82000 6
83000 7
84000 7
85000 7
86000 7
87000 7
88000 7
89000 8
90000 8
91000 7
92000 11
93000 9
94000 8
95000 8
96000 8
97000 9
98000 8
99000 9
100000 8
101000 8
102000 9
103000 9
104000 10
105000 8
106000 9
107000 10
108000 9
109000 9
110000 9
111000 11
112000 10
113000 11
114000 11
115000 13
116000 11
117000 12
118000 12
119000 11
120000 10
121000 10
122000 10
123000 10
124000 10
125000 12
126000 10
127000 11
128000 24
129000 15
130000 11
131000 11
132000 13
133000 11
134000 11
135000 12
136000 13
137000 12
138000 14
139000 18
140000 20
141000 19
142000 106
143000 26
144000 21
145000 22
146000 16
147000 15
148000 16
149000 18
150000 21
151000 22
152000 23
153000 18
154000 25
155000 28
156000 29
157000 33
158000 33
159000 31
160000 30
161000 32
162000 31
163000 27
164000 17
165000 22
166000 26
167000 33
168000 34
169000 27
170000 30
171000 24
172000 37
173000 28
174000 25
175000 32
176000 79
177000 28
178000 34
179000 35
180000 26
181000 20
182000 19
183000 18
184000 19
185000 19
186000 22
187000 26
188000 30
189000 37
190000 37
191000 37
192000 23
193000 25
194000 17
195000 18
196000 18
197000 19
198000 34
199000 28
200000 20
201000 20
202000 24
203000 26
204000 27
205000 28
206000 36
207000 28
208000 30
209000 27
210000 26
211000 29
212000 27
213000 27
214000 30
215000 35
216000 41
217000 43
218000 40
219000 42
220000 45
221000 33
222000 33
223000 34
224000 35
225000 36
226000 37
227000 36
228000 40
229000 29
230000 20
231000 22
232000 21
233000 20
234000 22
235000 25
236000 28
237000 32
238000 36
239000 82
240000 34
241000 37
242000 23
243000 23
244000 25
245000 24
246000 24
247000 24
248000 25
249000 32
250000 28
251000 25
252000 28
253000 30
254000 30
255000 67
256000 40
257000 24
258000 24
259000 24
260000 30
261000 29
262000 32
263000 35
264000 39
265000 32
266000 28
267000 26
268000 24
269000 24
270000 63
271000 34
272000 27
273000 27
274000 26
275000 26
276000 25
277000 27
278000 31
279000 35
280000 38
281000 27
282000 26
283000 26
284000 25
285000 25
286000 28
287000 35
288000 36
289000 44
290000 42
291000 43
292000 54
293000 60
294000 57
295000 41
296000 25
297000 27
298000 26
299000 26
300000 30
301000 27
302000 31
303000 28
304000 45
305000 38
306000 28
307000 28
308000 27
309000 28
310000 28
311000 28
312000 55
313000 47
314000 170
315000 56
316000 51
317000 42
318000 32
319000 40
320000 38
321000 38
322000 44
323000 53
324000 54
325000 53
326000 64
327000 60
328000 63
329000 65
330000 63
331000 63
332000 40
333000 41
334000 30
335000 33
336000 31
337000 30
338000 29
339000 31
340000 30
341000 31
342000 34
343000 34
344000 31
345000 32
346000 70
347000 73
348000 37
349000 31
350000 32
351000 30
352000 33
353000 35
354000 34
355000 31
356000 34
357000 45
358000 44
359000 31
360000 35
361000 41
362000 32
363000 32
364000 35
365000 39
366000 46
367000 61
368000 49
369000 49
370000 49
371000 52
372000 58
373000 72
374000 94
375000 66
376000 67
377000 63
378000 59
379000 55
380000 56
381000 65
382000 76
383000 67
384000 68
385000 70
386000 84
387000 57
388000 140
389000 68
390000 45
391000 45
392000 46
393000 47
394000 54
395000 52
396000 57
397000 76
398000 81
399000 58
400000 77
401000 73
402000 238
403000 76
404000 50
405000 52
406000 66
407000 46
408000 46
409000 46
410000 67
411000 79
412000 53
413000 56
414000 58
415000 45
416000 52
417000 55
418000 69
419000 80
420000 51
421000 44
422000 47
423000 59
424000 64
425000 42
426000 44
427000 40
428000 39
429000 43
430000 42
431000 44
432000 46
433000 45
434000 43
435000 41
436000 42
437000 53
438000 49
439000 58
440000 79
441000 84
442000 99
443000 58
444000 60
445000 59
446000 62
447000 61
448000 64
449000 66
450000 60
451000 70
452000 85
453000 103
454000 99
455000 81
456000 103
457000 94
458000 104
459000 98
460000 88
461000 93
462000 89
463000 102
464000 104
465000 105
466000 175
467000 154
468000 115
469000 157
470000 97
471000 102
472000 78
473000 208
474000 93
475000 176
476000 75
477000 89
478000 93
479000 104
480000 125
481000 82
482000 96
483000 149
484000 76
485000 110
486000 94
487000 90
488000 95
489000 92
490000 96
491000 111
492000 101
493000 183
494000 164
495000 112
496000 101
497000 128
498000 127
499000 112
500000 107
501000 94
502000 123
503000 114
504000 133
505000 108
506000 101
507000 104
508000 102
509000 99
510000 99
511000 73
512000 83
513000 103
514000 105
515000 106
516000 103
517000 105
518000 105
519000 111
520000 82
521000 107
522000 104
523000 103
524000 105
525000 101
526000 101
527000 111
528000 117
529000 119
530000 111
531000 108
532000 102
533000 107
534000 106
535000 113
536000 105
537000 111
538000 104
539000 104
540000 117
541000 105
542000 131
543000 78
544000 112
545000 106
546000 109
547000 108
548000 108
549000 100
550000 124
551000 114
552000 119
553000 113
554000 122
555000 137
556000 109
557000 113
558000 131
559000 120
560000 119
561000 108
562000 118
563000 124
564000 164
565000 155
566000 143
567000 100
568000 89
569000 94
570000 136
571000 144
572000 100
573000 126
574000 148
575000 118
576000 164
577000 126
578000 129
579000 118
580000 113
581000 134
582000 158
583000 106
584000 133
585000 146
586000 252
587000 117
588000 168
589000 202
590000 124
591000 136
592000 108
593000 146
594000 168
595000 110
596000 139
597000 111
598000 134
599000 101
600000 102
601000 128
602000 135
603000 136
604000 124
605000 123
606000 126
607000 127
608000 118
609000 123
610000 124
611000 126
612000 125
613000 127
614000 133
615000 131
616000 123
617000 150
618000 134
619000 123
620000 131
621000 187
622000 125
623000 146
624000 135
625000 123
626000 127
627000 126
628000 132
629000 128
630000 133
631000 229
632000 122
633000 138
634000 136
635000 117
636000 119
637000 152
638000 250
639000 133
640000 130
641000 76
642000 92
643000 171
644000 120
645000 80
646000 109
647000 249
648000 143
649000 171
650000 125
651000 174
652000 149
653000 134
654000 149
655000 126
656000 98
657000 122
658000 167
659000 102
660000 120
661000 93
662000 82
663000 81
664000 102
665000 93
666000 76
667000 99
668000 78
669000 124
670000 146
671000 142
672000 167
673000 124
674000 148
675000 143
676000 148
677000 141
678000 138
679000 154
680000 143
681000 193
682000 141
683000 155
684000 162
685000 152
686000 139
687000 324
688000 265
689000 133
690000 154
691000 155
692000 174
693000 137
694000 146
695000 173
696000 135
697000 189
698000 85
699000 90
700000 143
701000 153
702000 147
703000 154
704000 140
705000 147
706000 109
707000 150
708000 144
709000 155
710000 149
711000 163
712000 163
713000 174
714000 147
715000 162
716000 149
717000 263
718000 153
719000 186
720000 181
721000 165
722000 146
723000 152
724000 139
725000 156
726000 157
727000 153
728000 151
729000 174
730000 147
731000 158
732000 150
733000 331
734000 151
735000 170
736000 165
737000 150
738000 175
739000 155
740000 177
741000 156
742000 163
743000 180
744000 200
745000 170
746000 153
747000 164
748000 164
749000 158
750000 164
751000 161
752000 127
753000 169
754000 157
755000 160
756000 162
757000 149
758000 171
759000 161
760000 161
761000 168
762000 157
763000 175
764000 164
765000 195
766000 209
767000 183
768000 173
769000 155
770000 168
771000 167
772000 161
773000 174
774000 172
775000 214
776000 170
777000 170
778000 157
779000 182
780000 176
781000 189
782000 201
783000 166
784000 174
785000 177
786000 192
787000 166
788000 209
789000 190
790000 155
791000 230
792000 149
793000 185
794000 191
795000 199
796000 194
797000 84
798000 154
799000 198
800000 195
801000 184
802000 193
803000 167
804000 169
805000 279
806000 180
807000 275
808000 81
809000 76
810000 79
811000 79
812000 133
813000 76
814000 81
815000 103
816000 191
817000 80
818000 97
819000 105
820000 151
821000 174
822000 175
823000 91
824000 77
825000 86
826000 119
827000 80
828000 109
829000 119
830000 114
831000 89
832000 99
833000 109
834000 108
835000 119
836000 81
837000 145
838000 178
839000 121
840000 78
841000 79
842000 103
843000 140
844000 175
845000 195
846000 149
847000 156
848000 171
849000 172
850000 162
851000 92
852000 100
853000 154
854000 115
855000 111
856000 151
857000 109
858000 99
859000 156
860000 178
861000 172
862000 169
863000 102
864000 135
865000 176
866000 174
867000 157
868000 146
869000 200
870000 90
871000 108
872000 125
873000 149
874000 183
875000 139
876000 102
877000 120
878000 157
879000 186
880000 152
881000 190
882000 89
883000 119
884000 170
885000 201
886000 113
887000 89
888000 108
889000 102
890000 180
891000 104
892000 151
893000 130
894000 111
895000 155
896000 99
897000 124
898000 198
899000 120
900000 161
901000 102
902000 122
903000 203
904000 283
905000 110
906000 114
907000 106
908000 104
909000 144
910000 151
911000 193
912000 191
913000 188
914000 185
915000 190
916000 190
917000 188
918000 196
919000 174
920000 196
921000 191
922000 153
923000 92
924000 102
925000 141
926000 197
927000 156
928000 197
929000 167
930000 194
931000 191
932000 195
933000 204
934000 200
935000 196
936000 192
937000 196
938000 193
939000 203
940000 198
941000 200
942000 197
943000 199
944000 195
945000 197
946000 196
947000 196
948000 199
949000 198
950000 197
951000 195
952000 202
953000 198
954000 201
955000 196
956000 207
957000 199
958000 203
959000 198
960000 201
961000 202
962000 208
963000 202
964000 240
965000 224
966000 221
967000 222
968000 215
969000 214
970000 224
971000 209
972000 222
973000 207
974000 266
975000 237
976000 215
977000 213
978000 206
979000 202
980000 201
981000 207
982000 214
983000 220
984000 213
985000 213
986000 226
987000 239
988000 236
989000 243
990000 233
991000 227
992000 226
993000 211
994000 225
995000 223
996000 232
997000 217
998000 174
999000 218
1000000 225
1001000 219
1002000 221
1003000 238
1004000 223
1005000 253
1006000 233
1007000 265
1008000 242
1009000 346
1010000 207
1011000 214
1012000 183
1013000 239
1014000 229
1015000 240
1016000 236
1017000 253
1018000 232
1019000 222
1020000 255
1021000 205
1022000 277
1023000 202
1024000 206
1025000 284
1026000 337
1027000 362
1028000 271
1029000 250
1030000 260
1031000 227
1032000 228
1033000 258
1034000 290
1035000 240
1036000 252
1037000 263
1038000 437
1039000 283
1040000 297
1041000 292
1042000 279
1043000 316
1044000 252
1045000 260
1046000 255
1047000 302
1048000 268
1049000 257
1050000 239
1051000 265
1052000 245
1053000 254
1054000 273
1055000 257
1056000 233
1057000 324
1058000 278
1059000 255
1060000 277
1061000 298
1062000 266
1063000 300
1064000 284
1065000 270
1066000 250
1067000 343
1068000 200
1069000 274
1070000 274
1071000 232
1072000 294
1073000 244
1074000 249
1075000 225
1076000 227
1077000 234
1078000 245
1079000 233
1080000 271
1081000 203
1082000 403
1083000 269
1084000 326
1085000 248
1086000 252
1087000 261
1088000 249
1089000 260
1090000 264
1091000 244
1092000 242
1093000 241
1094000 241
1095000 417
1096000 219
1097000 261
1098000 311
1099000 261
1100000 255
1101000 260
1102000 296
1103000 297
1104000 267
1105000 496
1106000 283
1107000 245
1108000 254
1109000 246
1110000 239
1111000 242
1112000 256
1113000 244
1114000 238
1115000 246
1116000 239
1117000 275
1118000 266
1119000 248
1120000 242
1121000 242
1122000 251
1123000 248
1124000 249
1125000 249
1126000 367
1127000 221
1128000 303
1129000 275
1130000 246
1131000 209
1132000 251
1133000 256
1134000 277
1135000 508
1136000 317
1137000 271
1138000 254
1139000 246
1140000 251
1141000 265
1142000 262
1143000 257
1144000 244
1145000 252
1146000 240
1147000 355
1148000 272
1149000 243
1150000 215
1151000 235
1152000 264
1153000 289
1154000 268
1155000 214
1156000 238
1157000 273
1158000 275
1159000 267
1160000 249
1161000 213
1162000 284
1163000 306
1164000 250
1165000 232
1166000 368
1167000 279
1168000 286
1169000 255
1170000 267
1171000 276
1172000 277
1173000 265
1174000 265
1175000 280
1176000 274
1177000 276
1178000 272
1179000 264
1180000 267
1181000 255
1182000 229
1183000 286
1184000 270
1185000 272
1186000 272
1187000 322
1188000 314
1189000 341
1190000 336
1191000 332
1192000 213
1193000 180
1194000 290
1195000 285
1196000 349
1197000 239
1198000 290
1199000 315
1200000 367
1201000 263
1202000 245
1203000 280
1204000 272
1205000 332
1206000 308
1207000 246
1208000 311
1209000 274
1210000 278
1211000 393
1212000 421
1213000 318
1214000 275
1215000 230
1216000 226
1217000 219
1218000 211
1219000 330
1220000 265
1221000 271
1222000 289
1223000 275
1224000 269
1225000 271
1226000 275
1227000 278
1228000 286
1229000 287
1230000 285
1231000 415
1232000 369
1233000 330
1234000 274
1235000 294
1236000 300
1237000 401
1238000 457
1239000 345
1240000 326
1241000 356
1242000 353
1243000 472
1244000 370
1245000 400
1246000 348
1247000 345
1248000 321
1249000 384
1250000 375
1251000 381
1252000 399
1253000 302
1254000 278
1255000 269
1256000 227
1257000 296
1258000 248
1259000 250
1260000 326
1261000 307
1262000 309
1263000 293
1264000 264
1265000 305
1266000 311
1267000 329
1268000 302
1269000 286
1270000 296
1271000 289
1272000 294
1273000 342
1274000 331
1275000 309
1276000 314
1277000 321
1278000 322
1279000 315
1280000 296
1281000 350
1282000 403
1283000 348
1284000 269
1285000 301
1286000 316
1287000 294
1288000 321
1289000 273
1290000 310
1291000 308
1292000 337
1293000 319
1294000 286
1295000 316
1296000 310
1297000 304
1298000 311
1299000 345
1300000 323
1301000 298
1302000 311
1303000 325
1304000 328
1305000 315
1306000 286
1307000 342
1308000 301
1309000 301
1310000 294
1311000 307
1312000 319
1313000 331
1314000 258
1315000 315
1316000 307
1317000 299
1318000 339
1319000 327
1320000 313
1321000 306
1322000 303
1323000 315
1324000 311
1325000 330
1326000 314
1327000 310
1328000 313
1329000 326
1330000 296
1331000 337
1332000 341
1333000 308
1334000 309
1335000 321
1336000 312
1337000 317
1338000 327
1339000 306
1340000 318
1341000 311
1342000 329
1343000 303
1344000 313
1345000 319
1346000 323
1347000 313
1348000 289
1349000 326
1350000 311
1351000 324
1352000 316
1353000 315
1354000 329
1355000 310
1356000 304
1357000 329
1358000 319
1359000 323
1360000 303
1361000 306
1362000 318
1363000 306
1364000 311
1365000 318
1366000 314
1367000 309
1368000 317
1369000 305
1370000 312
1371000 311
1372000 444
1373000 408
1374000 351
1375000 327
1376000 324
1377000 390
1378000 389
1379000 311
1380000 264
1381000 213
1382000 296
1383000 162
1384000 178
1385000 303
1386000 372
1387000 179
1388000 179
1389000 156
1390000 192
1391000 248
1392000 264
1393000 318
1394000 310
1395000 242
1396000 310
1397000 165
1398000 233
1399000 332
1400000 183
1401000 230
1402000 309
1403000 293
1404000 186
1405000 174
1406000 254
1407000 254
1408000 300
1409000 334
1410000 341
1411000 273
1412000 258
1413000 255
1414000 275
1415000 311
1416000 324
1417000 163
1418000 228
1419000 203
1420000 151
1421000 218
1422000 211
1423000 255
1424000 222
1425000 199
1426000 281
1427000 176
1428000 262
1429000 253
1430000 255
1431000 308
1432000 198
1433000 210
1434000 154
1435000 207
1436000 262
1437000 245
1438000 340
1439000 229
1440000 234
1441000 276
1442000 178
1443000 191
1444000 152
1445000 172
1446000 296
1447000 163
1448000 209
1449000 246
1450000 177
1451000 180
1452000 247
1453000 223
1454000 334
1455000 320
1456000 188
1457000 153
1458000 171
1459000 167
1460000 207
1461000 182
1462000 183
1463000 239
1464000 265
1465000 270
1466000 314
1467000 207
1468000 273
1469000 290
1470000 185
1471000 186
1472000 264
1473000 204
1474000 318
1475000 228
1476000 201
1477000 214
1478000 212
1479000 219
1480000 171
1481000 190
1482000 217
1483000 250
1484000 261
1485000 243
1486000 200
1487000 162
1488000 184
1489000 339
1490000 173
1491000 235
1492000 236
1493000 293
1494000 248
1495000 326
1496000 211
1497000 240
1498000 222
1499000 184
1500000 247
1501000 291
1502000 208
1503000 324
1504000 213
1505000 265
1506000 357
1507000 243
1508000 316
1509000 308
1510000 277
1511000 189
1512000 261
1513000 279
1514000 187
1515000 234
1516000 346
1517000 297
1518000 339
1519000 321
1520000 232
1521000 207
1522000 232
1523000 217
1524000 200
1525000 385
1526000 240
1527000 334
1528000 188
1529000 306
1530000 244
1531000 360
1532000 307
1533000 178
1534000 162
1535000 282
1536000 284
1537000 196
1538000 182
1539000 197
1540000 274
1541000 239
1542000 162
1543000 299
1544000 183
1545000 286
1546000 354
1547000 182
1548000 306
1549000 342
1550000 365
1551000 221
1552000 342
1553000 177
1554000 245
1555000 293
1556000 340
1557000 223
1558000 217
1559000 274
1560000 200
1561000 203
1562000 271
1563000 234
1564000 165
1565000 300
1566000 206
1567000 340
1568000 366
1569000 362
1570000 353
1571000 223
1572000 309
1573000 230
1574000 198
1575000 207
1576000 273
1577000 366
1578000 384
1579000 378
1580000 264
1581000 372
1582000 237
1583000 248
1584000 377
1585000 290
1586000 240
1587000 214
1588000 386
1589000 222
1590000 189
1591000 204
1592000 201
1593000 261
1594000 240
1595000 235
1596000 184
1597000 264
1598000 220
1599000 386
1600000 345
1601000 235
1602000 369
1603000 393
1604000 363
1605000 321
1606000 319
1607000 363
1608000 260
1609000 207
1610000 253
1611000 200
1612000 299
1613000 374
1614000 347
1615000 345
1616000 388
1617000 403
1618000 387
1619000 382
1620000 371
1621000 383
1622000 270
1623000 244
1624000 205
1625000 306
1626000 210
1627000 226
1628000 271
1629000 282
1630000 196
1631000 256
1632000 226
1633000 315
1634000 184
1635000 290
1636000 203
1637000 248
1638000 301
1639000 360
1640000 327
1641000 184
1642000 309
1643000 385
1644000 266
1645000 234
1646000 253
1647000 422
1648000 475
1649000 320
1650000 345
1651000 372
1652000 264
1653000 300
1654000 202
1655000 200
1656000 177
1657000 268
1658000 379
1659000 294
1660000 413
1661000 511
1662000 335
1663000 468
1664000 446
1665000 436
1666000 431
1667000 418
1668000 373
1669000 421
1670000 419
1671000 387
1672000 389
1673000 378
1674000 385
1675000 403
1676000 393
1677000 415
1678000 392
1679000 417
1680000 389
1681000 422
1682000 510
1683000 452
1684000 479
1685000 363
1686000 380
1687000 409
1688000 710
1689000 450
1690000 417
1691000 404
1692000 414
1693000 395
1694000 405
1695000 411
1696000 462
1697000 440
1698000 404
1699000 410
1700000 476
1701000 403
1702000 392
1703000 385
1704000 400
1705000 432
1706000 509
1707000 512
1708000 451
1709000 420
1710000 427
1711000 398
1712000 449
1713000 445
1714000 461
1715000 430
1716000 435
1717000 430
1718000 418
1719000 416
1720000 447
1721000 463
1722000 435
1723000 426
1724000 431
1725000 430
1726000 365
1727000 462
1728000 399
1729000 423
1730000 392
1731000 484
1732000 485
1733000 399
1734000 426
1735000 426
1736000 465
1737000 430
1738000 476
1739000 462
1740000 276
1741000 264
1742000 489
1743000 508
1744000 528
1745000 494
1746000 397
1747000 420
1748000 383
1749000 428
1750000 447
1751000 394
1752000 379
1753000 470
1754000 447
1755000 465
1756000 445
1757000 477
1758000 421
1759000 492
1760000 442
1761000 474
1762000 500
1763000 485
1764000 453
1765000 518
1766000 484
1767000 426
1768000 433
1769000 447
1770000 551
1771000 429
1772000 500
1773000 545
1774000 429
1775000 361
1776000 460
1777000 380
1778000 558
1779000 469
1780000 475
1781000 472
1782000 521
1783000 461
1784000 515
1785000 450
1786000 445
1787000 706
1788000 465
1789000 429
1790000 431
1791000 461
1792000 617
1793000 481
1794000 426
1795000 421
1796000 473
1797000 494
1798000 497
1799000 458
1800000 484
1801000 463
1802000 461
1803000 451
1804000 456
1805000 452
1806000 674
1807000 585
1808000 771
1809000 545
1810000 451
1811000 460
1812000 462
1813000 517
1814000 464
1815000 434
1816000 446
1817000 442
1818000 608
1819000 445
1820000 436
1821000 544
1822000 424
1823000 437
1824000 442
1825000 444
1826000 460
1827000 433
1828000 639
1829000 433
1830000 571
1831000 509
1832000 489
1833000 564
1834000 475
1835000 528
1836000 514
1837000 415
1838000 559
1839000 602
1840000 459
1841000 463
1842000 457
1843000 447
1844000 476
1845000 464
1846000 457
1847000 453
1848000 499
1849000 465
1850000 493
1851000 464
1852000 474
1853000 463
1854000 466
1855000 481
1856000 475
1857000 519
1858000 466
1859000 479
1860000 463
1861000 469
1862000 416
1863000 464
1864000 464
1865000 481
1866000 480
1867000 509
1868000 430
1869000 466
1870000 481
1871000 462
1872000 479
1873000 447
1874000 468
1875000 397
1876000 474
1877000 469
1878000 460
1879000 465
1880000 524
1881000 534
1882000 498
1883000 476
1884000 481
1885000 452
1886000 537
1887000 556
1888000 480
1889000 483
1890000 489
1891000 484
1892000 460
1893000 463
1894000 470
1895000 479
1896000 485
1897000 479
1898000 458
1899000 479
1900000 429
1901000 485
1902000 545
1903000 425
1904000 488
1905000 576
1906000 548
1907000 494
1908000 472
1909000 494
1910000 492
1911000 490
1912000 571
1913000 467
1914000 485
1915000 471
1916000 482
1917000 484
1918000 473
1919000 479
1920000 446
1921000 493
1922000 447
1923000 473
1924000 505
1925000 534
1926000 567
1927000 509
1928000 486
1929000 486
1930000 494
1931000 572
1932000 627
1933000 483
1934000 478
1935000 496
1936000 468
1937000 475
1938000 416
1939000 472
1940000 498
1941000 491
1942000 533
1943000 538
1944000 312
1945000 592
1946000 525
1947000 594
1948000 633
1949000 552
1950000 513
1951000 572
1952000 567
1953000 544
1954000 542
1955000 486
1956000 465
1957000 481
1958000 414
1959000 474
1960000 442
1961000 511
1962000 481
1963000 463
1964000 458
1965000 442
1966000 458
1967000 498
1968000 619
1969000 681
1970000 489
1971000 568
1972000 722
1973000 499
1974000 504
1975000 528
1976000 514
1977000 492
1978000 484
1979000 501
1980000 494
1981000 598
1982000 513
1983000 532
1984000 517
1985000 539
1986000 510
1987000 509
1988000 508
1989000 534
1990000 562
1991000 507
1992000 528
1993000 523
1994000 489
1995000 459
1996000 489
1997000 489
1998000 513
1999000 505
2000000 557
2001000 526
2002000 635
2003000 420
2004000 562
2005000 682
2006000 660
2007000 385
2008000 477
2009000 601
2010000 520
2011000 512
2012000 495
2013000 514
2014000 523
2015000 462
2016000 525
2017000 487
2018000 506
2019000 491
2020000 489
2021000 500
2022000 504
2023000 511
2024000 496
2025000 496
2026000 495
2027000 493
2028000 504
2029000 491
2030000 506
2031000 486
2032000 502
2033000 516
2034000 511
2035000 510
2036000 808
2037000 496
2038000 500
2039000 776
2040000 518
2041000 483
2042000 551
2043000 512
2044000 541
2045000 526
2046000 505
2047000 512
2048000 614
2049000 592
2050000 586
2051000 536
2052000 575
2053000 551
2054000 526
2055000 582
2056000 698
2057000 511
2058000 525
2059000 576
2060000 502
2061000 517
2062000 760
2063000 553
2064000 527
2065000 529
2066000 465
2067000 554
2068000 507
2069000 529
2070000 528
2071000 490
2072000 537
2073000 525
2074000 529
2075000 519
2076000 603
2077000 565
2078000 552
2079000 539
2080000 536
2081000 535
2082000 543
2083000 519
2084000 546
2085000 552
2086000 530
2087000 536
2088000 526
2089000 545
2090000 472
2091000 654
2092000 737
2093000 605
2094000 679
2095000 615
2096000 603
2097000 654
2098000 588
2099000 639
2100000 611
2101000 548
2102000 524
2103000 571
2104000 563
2105000 445
2106000 605
2107000 595
2108000 682
2109000 532
2110000 535
2111000 561
2112000 589
2113000 600
2114000 544
2115000 543
2116000 573
2117000 552
2118000 552
2119000 652
2120000 683
2121000 609
2122000 551
2123000 575
2124000 549
2125000 551
2126000 568
2127000 582
2128000 572
2129000 550
2130000 565
2131000 550
2132000 570
2133000 552
2134000 562
2135000 617
2136000 537
2137000 516
2138000 540
2139000 551
2140000 555
2141000 551
2142000 512
2143000 557
2144000 575
2145000 542
2146000 552
2147000 524
2148000 560
2149000 564
2150000 561
2151000 566
2152000 585
2153000 571
2154000 620
2155000 584
2156000 591
2157000 559
2158000 555
2159000 556
2160000 569
2161000 555
2162000 561
2163000 554
2164000 599
2165000 550
2166000 539
2167000 567
2168000 604
2169000 687
2170000 581
2171000 619
2172000 681
2173000 698
2174000 553
2175000 628
2176000 581
2177000 558
2178000 555
2179000 536
2180000 565
2181000 582
2182000 614
2183000 563
2184000 557
2185000 578
2186000 622
2187000 573
2188000 587
2189000 567
2190000 530
2191000 628
2192000 627
2193000 620
2194000 596
2195000 641
2196000 667
2197000 585
2198000 674
2199000 585
2200000 531
2201000 554
2202000 627
2203000 576
2204000 605
2205000 689
2206000 649
2207000 581
2208000 648
2209000 649
2210000 536
2211000 629
2212000 738
2213000 581
2214000 737
2215000 852
2216000 702
2217000 549
2218000 645
2219000 663
2220000 636
2221000 576
2222000 684
2223000 566
2224000 587
2225000 659
2226000 489
2227000 387
2228000 492
2229000 474
2230000 412
2231000 373
2232000 482
2233000 612
2234000 584
2235000 593
2236000 596
2237000 592
2238000 594
2239000 583
2240000 581
2241000 561
2242000 656
2243000 700
2244000 663
2245000 657
2246000 520
2247000 590
2248000 553
2249000 568
2250000 576
2251000 555
2252000 559
2253000 616
2254000 607
2255000 587
2256000 601
2257000 648
2258000 784
2259000 659
2260000 597
2261000 801
2262000 666
2263000 591
2264000 568
2265000 562
2266000 547
2267000 656
2268000 718
2269000 581
2270000 648
2271000 696
2272000 619
2273000 560
2274000 614
2275000 618
2276000 605
2277000 653
2278000 786
2279000 648
2280000 633
2281000 615
2282000 718
2283000 588
2284000 603
2285000 608
2286000 716
2287000 620
2288000 558
2289000 535
2290000 723
2291000 621
2292000 595
2293000 600
2294000 601
2295000 612
2296000 680
2297000 617
2298000 562
2299000 648
2300000 697
2301000 695
2302000 656
2303000 612
2304000 678
2305000 625
2306000 657
2307000 579
2308000 494
2309000 661
2310000 532
2311000 473
2312000 555
2313000 372
2314000 374
2315000 540
2316000 732
2317000 519
2318000 416
2319000 628
2320000 604
2321000 624
2322000 595
2323000 602
2324000 666
2325000 701
2326000 615
2327000 554
2328000 610
2329000 625
2330000 636
2331000 612
2332000 622
2333000 655
2334000 635
2335000 1020
2336000 893
2337000 356
2338000 388
2339000 375
2340000 477
2341000 581
2342000 593
2343000 582
2344000 715
2345000 667
2346000 704
2347000 645
2348000 646
2349000 625
2350000 637
2351000 757
2352000 640
2353000 598
2354000 617
2355000 599
2356000 586
2357000 593
2358000 612
2359000 608
2360000 568
2361000 627
2362000 752
2363000 647
2364000 619
2365000 614
2366000 631
2367000 616
2368000 622
2369000 624
2370000 628
2371000 631
2372000 620
2373000 637
2374000 604
2375000 629
2376000 618
2377000 615
2378000 606
2379000 607
2380000 598
2381000 605
2382000 560
2383000 604
2384000 618
2385000 618
2386000 595
2387000 606
2388000 613
2389000 605
2390000 607
2391000 601
2392000 605
2393000 603
2394000 620
2395000 605
2396000 602
2397000 620
2398000 621
2399000 603
2400000 597
2401000 588
2402000 610
2403000 608
2404000 586
2405000 612
2406000 610
2407000 608
2408000 627
2409000 615
2410000 612
2411000 619
2412000 614
2413000 614
2414000 623
2415000 632
2416000 611
2417000 600
2418000 624
2419000 619
2420000 626
2421000 599
2422000 604
2423000 618
2424000 630
2425000 622
2426000 611
2427000 622
2428000 619
2429000 624
2430000 591
2431000 607
2432000 630
2433000 619
2434000 615
2435000 612
2436000 619
2437000 621
2438000 618
2439000 636
2440000 626
2441000 636
2442000 626
2443000 621
2444000 654
2445000 725
2446000 675
2447000 719
2448000 618
2449000 625
2450000 635
2451000 638
2452000 620
2453000 616
2454000 690
2455000 644
2456000 676
2457000 616
2458000 698
2459000 660
2460000 779
2461000 1024
2462000 740
2463000 604
2464000 637
2465000 655
2466000 636
2467000 691
2468000 726
2469000 648
2470000 629
2471000 636
2472000 639
2473000 626
2474000 641
2475000 665
2476000 649
2477000 681
2478000 671
2479000 669
2480000 650
2481000 700
2482000 702
2483000 684
2484000 713
2485000 881
2486000 725
2487000 671
2488000 700
2489000 691
2490000 674
2491000 714
2492000 781
2493000 701
2494000 652
2495000 667
2496000 705
2497000 643
2498000 641
2499000 694
2500000 682
2501000 652
2502000 678
2503000 672
2504000 708
2505000 685
2506000 700
2507000 693
2508000 749
2509000 685
2510000 797
2511000 761
2512000 738
2513000 622
2514000 752
2515000 683
2516000 680
2517000 691
2518000 757
2519000 722
2520000 702
2521000 553
2522000 674
2523000 860
2524000 677
2525000 517
2526000 489
2527000 529
2528000 480
2529000 696
2530000 623
2531000 607
2532000 713
2533000 667
2534000 783
2535000 719
2536000 834
2537000 789
2538000 775
2539000 744
2540000 735
2541000 787
2542000 651
2543000 920
2544000 726
2545000 683
2546000 733
2547000 734
2548000 688
2549000 691
2550000 727
2551000 688
2552000 685
2553000 673
2554000 682
2555000 680
2556000 689
2557000 645
2558000 669
2559000 674
2560000 871
2561000 669
2562000 783
2563000 905
2564000 676
2565000 674
2566000 673
2567000 692
2568000 652
2569000 677
2570000 905
2571000 549
2572000 670
2573000 737
2574000 738
2575000 743
2576000 768
2577000 706
2578000 699
2579000 682
2580000 720
2581000 700
2582000 697
2583000 786
2584000 837
2585000 754
2586000 700
2587000 684
2588000 679
2589000 840
2590000 884
2591000 715
2592000 693
2593000 720
2594000 673
2595000 752
2596000 793
2597000 773
2598000 684
2599000 741
2600000 687
2601000 723
2602000 687
2603000 702
2604000 737
2605000 681
2606000 755
2607000 701
2608000 692
2609000 704
2610000 696
2611000 774
2612000 787
2613000 741
2614000 782
2615000 691
2616000 784
2617000 858
2618000 688
2619000 765
2620000 745
2621000 697
2622000 725
2623000 647
2624000 710
2625000 824
2626000 709
2627000 694
2628000 745
2629000 803
2630000 734
2631000 790
2632000 816
2633000 796
2634000 795
2635000 818
2636000 716
2637000 690
2638000 718
2639000 811
2640000 695
2641000 737
2642000 786
2643000 765
2644000 828
2645000 714
2646000 739
2647000 705
2648000 732
2649000 795
2650000 832
2651000 883
2652000 836
2653000 811
2654000 844
2655000 483
2656000 461
2657000 730
2658000 523
2659000 667
2660000 605
2661000 806
2662000 792
2663000 840
2664000 761
2665000 719
2666000 745
2667000 758
2668000 842
2669000 744
2670000 711
2671000 1096
2672000 816
2673000 900
2674000 872
2675000 973
2676000 981
2677000 876
2678000 1110
2679000 568
2680000 648
2681000 775
2682000 558
2683000 475
2684000 519
2685000 587
2686000 386
2687000 367
2688000 330
2689000 397
2690000 355
2691000 373
2692000 369
2693000 325
2694000 383
2695000 594
2696000 415
2697000 364
2698000 358
2699000 403
2700000 348
2701000 365
2702000 370
2703000 369
2704000 383
2705000 337
2706000 323
2707000 322
2708000 370
2709000 380
2710000 371
2711000 355
2712000 339
2713000 357
2714000 540
2715000 629
2716000 625
2717000 492
2718000 716
2719000 543
2720000 621
2721000 520
2722000 403
2723000 687
2724000 818
2725000 799
2726000 562
2727000 716
2728000 579
2729000 630
2730000 436
2731000 734
2732000 746
2733000 779
2734000 731
2735000 724
2736000 715
2737000 753
2738000 724
2739000 724
2740000 735
2741000 744
2742000 731
2743000 736
2744000 720
2745000 736
2746000 761
2747000 746
2748000 758
2749000 753
2750000 720
2751000 738
2752000 741
2753000 774
2754000 772
2755000 746
2756000 730
2757000 758
2758000 748
2759000 733
2760000 934
2761000 760
2762000 780
2763000 794
2764000 742
2765000 740
2766000 747
2767000 719
2768000 923
2769000 826
2770000 746
2771000 946
2772000 753
2773000 790
2774000 795
2775000 812
2776000 839
2777000 764
2778000 750
2779000 750
2780000 775
2781000 761
2782000 766
2783000 760
2784000 835
2785000 763
2786000 907
2787000 800
2788000 902
2789000 641
2790000 681
2791000 826
2792000 706
2793000 638
2794000 736
2795000 647
2796000 496
2797000 520
2798000 389
2799000 642
2800000 790
2801000 485
2802000 396
2803000 419
2804000 665
2805000 449
2806000 555
2807000 436
2808000 735
2809000 601
2810000 850
2811000 527
2812000 446
2813000 516
2814000 472
2815000 372
2816000 630
2817000 848
2818000 868
2819000 802
2820000 801
2821000 899
2822000 973
2823000 820
2824000 733
2825000 994
2826000 853
2827000 938
2828000 806
2829000 780
2830000 774
2831000 789
2832000 768
2833000 785
2834000 803
2835000 820
2836000 770
2837000 826
2838000 889
2839000 902
2840000 750
2841000 812
2842000 1059
2843000 781
2844000 831
2845000 787
2846000 767
2847000 767
2848000 798
2849000 828
2850000 763
2851000 822
2852000 751
2853000 790
2854000 822
2855000 756
2856000 779
2857000 756
2858000 776
2859000 765
2860000 794
2861000 777
2862000 776
2863000 755
2864000 784
2865000 789
2866000 818
2867000 756
2868000 829
2869000 795
2870000 925
2871000 883
2872000 838
2873000 753
2874000 655
2875000 1190
2876000 988
2877000 835
2878000 835
2879000 818
2880000 844
2881000 823
2882000 806
2883000 800
2884000 897
2885000 936
2886000 850
2887000 931
2888000 862
2889000 916
2890000 824
2891000 770
2892000 858
2893000 769
2894000 825
2895000 797
2896000 744
2897000 964
2898000 875
2899000 825
2900000 964
2901000 843
2902000 957
2903000 913
2904000 875
2905000 860
2906000 952
2907000 813
2908000 805
2909000 779
2910000 804
2911000 817
2912000 809
2913000 773
2914000 783
2915000 958
2916000 856
2917000 885
2918000 761
2919000 969
2920000 794
2921000 892
2922000 814
2923000 812
2924000 836
2925000 830
2926000 779
2927000 765
2928000 792
2929000 801
2930000 813
2931000 814
2932000 835
2933000 815
2934000 761
2935000 862
2936000 960
2937000 859
2938000 828
2939000 908
2940000 1035
2941000 768
2942000 907
2943000 798
2944000 899
2945000 918
2946000 634
2947000 564
2948000 435
2949000 392
2950000 501
2951000 539
2952000 571
2953000 389
2954000 435
2955000 482
2956000 407
2957000 452
2958000 1027
2959000 997
2960000 993
2961000 1023
2962000 1025
2963000 972
2964000 1050
2965000 1013
2966000 987
2967000 1026
2968000 1020
2969000 1014
2970000 947
2971000 964
2972000 964
2973000 998
2974000 997
2975000 1006
2976000 942
2977000 780
2978000 812
2979000 798
2980000 811
2981000 800
2982000 813
2983000 812
2984000 816
2985000 801
2986000 808
2987000 894
2988000 798
2989000 882
2990000 850
2991000 923
2992000 819
2993000 949
2994000 1276
2995000 885
2996000 971
2997000 1171
2998000 940
2999000 821
3000000 932
3001000 824
3002000 733
3003000 948
3004000 890
3005000 792
3006000 831
3007000 814
3008000 870
3009000 935
3010000 864
3011000 884
3012000 1146
3013000 840
3014000 1192
3015000 1065
3016000 1079
3017000 845
3018000 818
3019000 842
3020000 962
3021000 821
3022000 868
3023000 850
3024000 885
3025000 865
3026000 906
3027000 898
3028000 854
3029000 852
3030000 848
3031000 882
3032000 845
3033000 855
3034000 856
3035000 796
3036000 821
3037000 837
3038000 823
3039000 867
3040000 829
3041000 837
3042000 829
3043000 829
3044000 840
3045000 817
3046000 860
3047000 870
3048000 971
3049000 874
3050000 1067
3051000 916
3052000 887
3053000 844
3054000 962
3055000 855
3056000 909
3057000 872
3058000 855
3059000 833
3060000 817
3061000 867
3062000 864
3063000 898
3064000 1203
3065000 1140
3066000 1083
3067000 838
3068000 515
3069000 537
3070000 448
3071000 424
3072000 437
3073000 415
3074000 414
3075000 486
3076000 427
3077000 519
3078000 466
3079000 399
3080000 482
3081000 454
3082000 433
3083000 443
3084000 1006
3085000 1085
3086000 1102
3087000 1197
3088000 1039
3089000 1065
3090000 1108
3091000 1055
3092000 941
3093000 1109
3094000 1104
3095000 1126
3096000 742
3097000 452
3098000 539
3099000 566
3100000 405
3101000 436
3102000 545
3103000 465
3104000 426
3105000 605
3106000 875
3107000 1009
3108000 792
3109000 936
3110000 992
3111000 947
3112000 934
3113000 894
3114000 807
3115000 548
3116000 539
3117000 443
3118000 599
3119000 483
3120000 495
3121000 676
3122000 872
3123000 948
3124000 873
3125000 861
3126000 1003
3127000 1029
3128000 1102
3129000 535
3130000 525
3131000 472
3132000 521
3133000 560
3134000 456
3135000 477
3136000 420
3137000 563
3138000 565
3139000 859
3140000 844
3141000 1101
3142000 1185
3143000 897
3144000 877
3145000 850
3146000 876
3147000 887
3148000 870
3149000 873
3150000 870
3151000 873
3152000 867
3153000 982
3154000 886
3155000 869
3156000 870
3157000 1079
3158000 997
3159000 1128
3160000 957
3161000 789
3162000 1027
3163000 886
3164000 930
3165000 941
3166000 937
3167000 913
3168000 898
3169000 948
3170000 1249
3171000 925
3172000 884
3173000 878
3174000 891
3175000 970
3176000 917
3177000 916
3178000 950
3179000 1075
3180000 848
3181000 876
3182000 872
3183000 887
3184000 908
3185000 915
3186000 891
3187000 915
3188000 883
3189000 892
3190000 925
3191000 886
3192000 944
3193000 910
3194000 928
3195000 934
3196000 881
3197000 930
3198000 974
3199000 904
3200000 911
3201000 895
3202000 903
3203000 908
3204000 939
3205000 896
3206000 900
3207000 880
3208000 1060
3209000 1107
3210000 931
3211000 1048
3212000 956
3213000 1186
3214000 1011
3215000 948
3216000 888
3217000 924
3218000 968
3219000 955
3220000 918
3221000 1067
3222000 920
3223000 898
3224000 909
3225000 979
3226000 960
3227000 1003
3228000 947
3229000 984
3230000 1034
3231000 1222
3232000 1029
3233000 949
3234000 1242
3235000 1032
3236000 910
3237000 1105
3238000 1216
3239000 989
3240000 923
3241000 972
3242000 1076
3243000 1055
3244000 938
3245000 1033
3246000 675
3247000 1081
3248000 1045
3249000 1175
3250000 978
3251000 926
3252000 1091
3253000 963
3254000 1062
3255000 650
3256000 934
3257000 893
3258000 902
3259000 1225
3260000 1199
3261000 934
3262000 935
3263000 987
3264000 961
3265000 600
3266000 921
3267000 753
3268000 643
3269000 961
3270000 964
3271000 1149
3272000 1056
3273000 1025
3274000 1045
3275000 1081
3276000 927
3277000 1014
3278000 1017
3279000 975
3280000 1082
3281000 1037
3282000 926
3283000 944
3284000 1079
3285000 753
3286000 893
3287000 875
3288000 626
3289000 777
3290000 802
3291000 704
3292000 667
3293000 855
3294000 598
3295000 642
3296000 571
3297000 569
3298000 822
3299000 755
3300000 820
3301000 742
3302000 819
3303000 683
3304000 766
3305000 581
3306000 584
3307000 473
3308000 711
3309000 666
3310000 790
3311000 709
3312000 670
3313000 535
3314000 739
3315000 823
3316000 881
3317000 910
3318000 671
3319000 620
3320000 603
3321000 966
3322000 664
3323000 915
3324000 964
3325000 838
3326000 483
3327000 797
3328000 740
3329000 696
3330000 951
3331000 902
3332000 870
3333000 622
3334000 763
3335000 900
3336000 680
3337000 959
3338000 671
3339000 929
3340000 631
3341000 716
3342000 994
3343000 1004
3344000 986
3345000 997
3346000 1039
3347000 983
3348000 1065
3349000 1063
3350000 977
3351000 973
3352000 958
3353000 976
3354000 912
3355000 953
3356000 1138
3357000 936
3358000 618
3359000 625
3360000 969
3361000 1145
3362000 1070
3363000 1100
3364000 1187
3365000 969
3366000 1040
3367000 1027
3368000 1056
3369000 1022
3370000 683
3371000 1083
3372000 1164
3373000 1095
3374000 1027
3375000 992
3376000 976
3377000 1259
3378000 1011
3379000 1114
3380000 1152
3381000 971
3382000 1188
3383000 1131
3384000 1041
3385000 1005
3386000 1164
3387000 1098
3388000 990
3389000 1191
3390000 1128
3391000 993
3392000 994
3393000 1093
3394000 970
3395000 971
3396000 959
3397000 969
3398000 961
3399000 968
3400000 978
3401000 889
3402000 1019
3403000 1060
3404000 1430
3405000 1166
3406000 1124
3407000 1421
3408000 1182
3409000 966
3410000 975
3411000 986
3412000 1013
3413000 980
3414000 948
3415000 999
3416000 997
3417000 973
3418000 1017
3419000 971
3420000 1007
3421000 1137
3422000 1248
3423000 1332
3424000 973
3425000 1100
3426000 1169
3427000 1172
3428000 639
3429000 1090
3430000 1030
3431000 1009
3432000 1041
3433000 1086
3434000 1246
3435000 1043
3436000 1073
3437000 1169
3438000 1068
3439000 1008
3440000 985
3441000 602
3442000 595
3443000 499
3444000 509
3445000 537
3446000 455
3447000 584
3448000 529
3449000 702
3450000 746
3451000 486
3452000 504
3453000 927
3454000 981
3455000 994
3456000 1070
3457000 1061
3458000 1001
3459000 1070
3460000 1003
3461000 1213
3462000 1070
3463000 1030
3464000 1046
3465000 1032
3466000 999
3467000 1172
3468000 930
3469000 1076
3470000 1087
3471000 1064
3472000 1081
3473000 1190
3474000 676
3475000 604
3476000 520
3477000 491
3478000 489
3479000 594
3480000 1070
3481000 1049
3482000 1102
3483000 982
3484000 1120
3485000 1005
3486000 1288
3487000 609
3488000 546
3489000 565
3490000 518
3491000 553
3492000 553
3493000 1142
3494000 1031
3495000 1001
3496000 1150
3497000 1074
3498000 988
3499000 984
3500000 986
3501000 1004
3502000 984
3503000 1004
3504000 992
3505000 966
3506000 994
3507000 1010
3508000 964
3509000 996
3510000 1038
3511000 1001
3512000 1009
3513000 1007
3514000 1154
3515000 710
3516000 663
3517000 861
3518000 905
3519000 1057
3520000 1008
3521000 1002
3522000 975
3523000 1003
3524000 1008
3525000 988
3526000 1200
3527000 1137
3528000 1068
3529000 1063
3530000 1085
3531000 1103
3532000 1149
3533000 1196
3534000 1081
3535000 1099
3536000 1052
3537000 1080
3538000 1032
3539000 1056
3540000 1085
3541000 1163
3542000 1036
3543000 1466
3544000 654
3545000 632
3546000 544
3547000 514
3548000 528
3549000 517
3550000 1096
3551000 1278
3552000 1049
3553000 1030
3554000 1275
3555000 1087
3556000 1101
3557000 945
3558000 1176
3559000 874
3560000 560
3561000 681
3562000 684
3563000 796
3564000 726
3565000 628
3566000 766
3567000 867
3568000 758
3569000 1022
3570000 1064
3571000 1152
3572000 1063
3573000 1144
3574000 1057
3575000 1370
3576000 1165
3577000 1087
3578000 1044
3579000 1081
3580000 1050
3581000 1094
3582000 1201
3583000 1028
3584000 1741
3585000 924
3586000 829
3587000 985
3588000 1004
3589000 703
3590000 798
3591000 685
3592000 784
3593000 742
3594000 857
3595000 744
3596000 979
3597000 973
3598000 818
3599000 559
3600000 786
3601000 884
3602000 746
3603000 634
3604000 609
3605000 817
3606000 879
3607000 819
3608000 769
3609000 590
3610000 804
3611000 852
3612000 785
3613000 588
3614000 652
3615000 610
3616000 721
3617000 652
3618000 625
3619000 591
3620000 574
3621000 719
3622000 930
3623000 664
3624000 610
3625000 515
3626000 638
3627000 686
3628000 815
3629000 781
3630000 602
3631000 664
3632000 1235
3633000 836
3634000 547
3635000 912
3636000 777
3637000 971
3638000 1090
3639000 1136
3640000 1070
3641000 1068
3642000 1059
3643000 1048
3644000 1046
3645000 1075
3646000 1261
3647000 1249
3648000 1271
3649000 1073
3650000 1189
3651000 1477
3652000 1149
3653000 1273
3654000 1271
3655000 1089
3656000 1101
3657000 1089
3658000 1059
3659000 1063
3660000 1062
3661000 1060
3662000 1063
3663000 1079
3664000 1105
3665000 1075
3666000 1054
3667000 1093
3668000 1086
3669000 1089
3670000 1122
3671000 1059
3672000 1059
3673000 1047
3674000 1058
3675000 1101
3676000 1076
3677000 1074
3678000 1077
3679000 1093
3680000 1060
3681000 1050
3682000 1076
3683000 1066
3684000 1133
3685000 1006
3686000 1057
3687000 1069
3688000 1045
3689000 1093
3690000 1142
3691000 1127
3692000 1107
3693000 1145
3694000 1121
3695000 1115
3696000 1147
3697000 1293
3698000 1549
3699000 1554
3700000 1472
3701000 1056
3702000 990
3703000 992
3704000 899
3705000 662
3706000 675
3707000 710
3708000 620
3709000 545
3710000 554
3711000 556
3712000 618
3713000 917
3714000 864
3715000 782
3716000 760
3717000 1019
3718000 829
3719000 923
3720000 1006
3721000 1084
3722000 755
3723000 1254
3724000 968
3725000 534
3726000 646
3727000 598
3728000 584
3729000 726
3730000 569
3731000 625
3732000 647
3733000 575
3734000 736
3735000 598
3736000 820
3737000 968
3738000 870
3739000 887
3740000 997
3741000 950
3742000 920
3743000 964
3744000 1208
3745000 843
3746000 643
3747000 815
3748000 916
3749000 936
3750000 774
3751000 960
3752000 865
3753000 865
3754000 1071
3755000 865
3756000 1018
3757000 657
3758000 703
3759000 678
3760000 1050
3761000 946
3762000 794
3763000 612
3764000 985
3765000 1101
3766000 1067
3767000 1014
3768000 771
3769000 839
3770000 817
3771000 840
3772000 1143
3773000 1025
3774000 1335
3775000 985
3776000 1031
3777000 698
3778000 772
3779000 895
3780000 665
3781000 918
3782000 697
3783000 1428
3784000 888
3785000 1069
3786000 780
3787000 675
3788000 850
3789000 715
3790000 1001
3791000 592
3792000 838
3793000 799
3794000 1129
3795000 1019
3796000 762
3797000 869
3798000 688
3799000 711
3800000 1117
3801000 1107
3802000 1122
3803000 1102
3804000 1116
3805000 1493
3806000 1397
3807000 1232
3808000 1262
3809000 1597
3810000 1300
3811000 1107
3812000 1135
3813000 1134
3814000 1175
3815000 1123
3816000 1138
3817000 1432
3818000 1178
3819000 1399
3820000 1236
3821000 1142
3822000 1617
3823000 1651
3824000 1241
3825000 1319
3826000 932
3827000 872
3828000 1051
3829000 1131
3830000 907
3831000 765
3832000 902
3833000 922
3834000 838
3835000 1147
3836000 841
3837000 1117
3838000 1157
3839000 1111
3840000 1123
3841000 1126
3842000 1363
3843000 1342
3844000 815
3845000 608
3846000 531
3847000 574
3848000 644
3849000 889
3850000 1134
3851000 1144
3852000 1184
3853000 1020
3854000 871
3855000 887
3856000 1107
3857000 1104
3858000 739
3859000 1016
3860000 1189
3861000 1197
3862000 1201
3863000 1559
3864000 1144
3865000 1136
3866000 1199
3867000 1147
3868000 1193
3869000 1520
3870000 1198
3871000 1520
3872000 1239
3873000 1588
3874000 1328
3875000 1341
3876000 1333
3877000 1359
3878000 1177
3879000 1084
3880000 775
3881000 649
3882000 571
3883000 643
3884000 797
3885000 1184
3886000 1220
3887000 1246
3888000 824
3889000 1095
3890000 1133
3891000 1197
3892000 1323
3893000 1315
3894000 1418
3895000 1220
3896000 1166
3897000 1157
3898000 1160
3899000 1170
3900000 1163
3901000 1139
3902000 1254
3903000 1583
3904000 1369
3905000 1601
3906000 1208
3907000 1612
3908000 1365
3909000 1271
3910000 1171
3911000 1310
3912000 1282
3913000 1183
3914000 1164
3915000 1252
3916000 1240
3917000 1300
3918000 1127
3919000 1199
3920000 1283
3921000 1174
3922000 1165
3923000 1141
3924000 1187
3925000 1267
3926000 1179
3927000 1164
3928000 1235
3929000 1209
3930000 1240
3931000 1318
3932000 1162
3933000 1207
3934000 1154
3935000 1213
3936000 1377
3937000 1566
3938000 1346
3939000 1156
3940000 1209
3941000 1212
3942000 1185
3943000 1197
3944000 1190
3945000 1149
3946000 1173
3947000 1173
3948000 1153
3949000 1231
3950000 1306
3951000 1404
3952000 1309
3953000 1239
3954000 1192
3955000 1043
3956000 1364
3957000 1510
3958000 1502
3959000 1373
3960000 1337
3961000 1187
3962000 1227
3963000 1240
3964000 1279
3965000 1254
3966000 1222
3967000 1456
3968000 1450
3969000 1358
3970000 1180
3971000 1602
3972000 1237
3973000 1228
3974000 1249
3975000 1212
3976000 1440
3977000 1262
3978000 1377
3979000 1311
3980000 1271
3981000 1482
3982000 1108
3983000 1338
3984000 1294
3985000 1198
3986000 1417
3987000 2226
3988000 898
3989000 788
3990000 1402
3991000 822
3992000 843
3993000 1004
3994000 1052
3995000 823
3996000 711
3997000 617
3998000 934
3999000 925
4000000 930
4001000 843
4002000 751
4003000 891
4004000 1120
4005000 818
4006000 760
4007000 884
4008000 1034
4009000 1024
4010000 1168
4011000 727
4012000 979
4013000 970
4014000 735
4015000 988
4016000 819
4017000 1166
4018000 1121
4019000 1036
4020000 915
4021000 766
4022000 1202
4023000 691
4024000 701
4025000 1314
4026000 1216
4027000 1281
4028000 1427
4029000 1528
4030000 1387
4031000 1556
4032000 1205
4033000 1218
4034000 1512
4035000 1304
4036000 1345
4037000 1268
4038000 1304
4039000 1222
4040000 1247
4041000 1307
4042000 1382
4043000 1571
4044000 1230
4045000 1284
4046000 1282
4047000 1409
4048000 1393
4049000 1430
4050000 1313
4051000 1258
4052000 1296
4053000 1558
4054000 1436
4055000 1474
4056000 1301
4057000 1246
4058000 1357
4059000 1315
4060000 1296
4061000 1276
4062000 1302
4063000 1730
4064000 1282
4065000 1334
4066000 1207
4067000 1345
4068000 1408
4069000 1289
4070000 1347
4071000 1336
4072000 1326
4073000 1412
4074000 1430
4075000 1322
4076000 1525
4077000 1369
4078000 1493
4079000 1295
4080000 1292
4081000 1775
4082000 1133
4083000 1419
4084000 1259
4085000 1455
4086000 1464
4087000 1296
4088000 1375
4089000 1533
4090000 1330
4091000 1686
4092000 1213
4093000 1349
4094000 1354
4095000 1342
4096000 1320
4097000 1223
4098000 1365
4099000 1462
4100000 751
4101000 809
4102000 1402
4103000 1270
4104000 1259
4105000 1303
4106000 1403
4107000 1321
4108000 1241
4109000 1227
4110000 1211
4111000 1270
4112000 1248
4113000 1216
4114000 1237
4115000 1303
4116000 1252
4117000 1299
4118000 1227
4119000 1208
4120000 1241
4121000 1249
4122000 1383
4123000 927
4124000 1056
4125000 725
4126000 852
4127000 672
4128000 943
4129000 1209
4130000 744
4131000 720
4132000 901
4133000 1155
4134000 940
4135000 1250
4136000 855
4137000 868
4138000 1268
4139000 1502
4140000 1313
4141000 1606
4142000 1568
4143000 1322
4144000 1290
4145000 1288
4146000 1311
4147000 1309
4148000 1309
4149000 1236
4150000 1247
4151000 1245
4152000 1263
4153000 1203
4154000 1255
4155000 1203
4156000 1220
4157000 1253
4158000 1239
4159000 1242
4160000 1254
4161000 1231
4162000 1232
4163000 1244
4164000 1236
4165000 1237
4166000 1251
4167000 1257
4168000 1237
4169000 1251
4170000 1258
4171000 1215
4172000 1276
4173000 1271
4174000 1278
4175000 1289
4176000 1257
4177000 1229
4178000 1249
4179000 1283
4180000 1261
4181000 1256
4182000 1257
4183000 1259
4184000 1251
4185000 1268
4186000 1247
4187000 1252
4188000 1253
4189000 1261
4190000 1269
4191000 1237
4192000 1269
4193000 1259
4194000 1273
4195000 1234
4196000 1251
4197000 1283
4198000 1262
4199000 1251
4200000 1276
4201000 1231
4202000 1242
4203000 1261
4204000 1258
4205000 1342
4206000 1434
4207000 1370
4208000 1317
4209000 1309
4210000 1281
4211000 1267
4212000 1374
4213000 1318
4214000 1397
4215000 1458
4216000 1455
4217000 1349
4218000 1372
4219000 1333
4220000 1318
4221000 1396
4222000 1437
4223000 1378
4224000 1304
4225000 1412
4226000 1338
4227000 1365
4228000 1330
4229000 1389
4230000 1395
4231000 1323
4232000 1290
4233000 1340
4234000 1324
4235000 1330
4236000 1317
4237000 1287
4238000 1276
4239000 1252
4240000 1287
4241000 1273
4242000 1292
4243000 1286
4244000 1269
4245000 1282
4246000 1306
4247000 1290
4248000 1291
4249000 1278
4250000 1289
4251000 1302
4252000 1313
4253000 1286
4254000 1285
4255000 1303
4256000 1323
4257000 1294
4258000 1292
4259000 1308
4260000 1294
4261000 1289
4262000 1278
4263000 1298
4264000 1308
4265000 1306
4266000 1308
4267000 1378
4268000 1334
4269000 1365
4270000 1527
4271000 1696
4272000 1641
4273000 1415
4274000 1330
4275000 1337
4276000 1279
4277000 1317
4278000 1281
4279000 1291
4280000 1283
4281000 1308
4282000 1280
4283000 1293
4284000 1340
4285000 1362
4286000 1419
4287000 1547
4288000 1433
4289000 809
4290000 675
4291000 1027
4292000 773
4293000 698
4294000 1049
4295000 930
4296000 988
4297000 828
4298000 733
4299000 679
4300000 685
4301000 1025
4302000 1167
4303000 835
4304000 1038
4305000 862
4306000 856
4307000 1214
4308000 806
4309000 1212
4310000 1062
4311000 839
4312000 1483
4313000 1365
4314000 1327
4315000 1346
4316000 1417
4317000 1496
4318000 1549
4319000 1414
4320000 1613
4321000 1713
4322000 1578
4323000 1550
4324000 1365
4325000 1385
4326000 1434
4327000 1320
4328000 1296
4329000 1324
4330000 1309
4331000 1296
4332000 1310
4333000 1301
4334000 1317
4335000 1332
4336000 1302
4337000 1319
4338000 1317
4339000 1306
4340000 1467
4341000 1358
4342000 1429
4343000 1329
4344000 1309
4345000 1355
4346000 1421
4347000 1461
4348000 1416
4349000 1579
4350000 1624
4351000 1473
4352000 1534
4353000 1373
4354000 1571
4355000 1127
4356000 814
4357000 825
4358000 1291
4359000 685
4360000 1149
4361000 1404
4362000 1345
4363000 1465
4364000 1329
4365000 1351
4366000 1321
4367000 1367
4368000 1366
4369000 1339
4370000 1332
4371000 1347
4372000 1323
4373000 1339
4374000 1743
4375000 1498
4376000 1574
4377000 1412
4378000 1785
4379000 1418
4380000 1450
4381000 1375
4382000 1428
4383000 1505
4384000 1414
4385000 1326
4386000 1455
4387000 1412
4388000 1430
4389000 1351
4390000 1470
4391000 1467
4392000 1419
4393000 1344
4394000 1523
4395000 1446
4396000 1438
4397000 1460
4398000 1418
4399000 1627
4400000 1622
4401000 1164
4402000 758
4403000 697
4404000 671
4405000 727
4406000 1436
4407000 1753
4408000 1412
4409000 1390
4410000 1874
4411000 1457
4412000 1479
4413000 1491
4414000 1896
4415000 1635
4416000 1449
4417000 1545
4418000 1561
4419000 1447
4420000 1359
4421000 1569
4422000 1682
4423000 1420
4424000 1430
4425000 1458
4426000 1552
4427000 1411
4428000 1371
4429000 1429
4430000 1368
4431000 1381
4432000 1363
4433000 1384
4434000 1373
4435000 1444
4436000 1444
4437000 1382
4438000 1454
4439000 1423
4440000 1371
4441000 1372
4442000 1385
4443000 1365
4444000 1355
4445000 1360
4446000 1386
4447000 1380
4448000 1363
4449000 1386
4450000 1377
4451000 1379
4452000 1377
4453000 1384
4454000 1411
4455000 1430
4456000 1414
4457000 1406
4458000 1399
4459000 1411
4460000 1383
4461000 1380
4462000 1418
4463000 1468
4464000 1383
4465000 1417
4466000 1410
4467000 1391
4468000 1387
4469000 1396
4470000 1387
4471000 1372
4472000 1358
4473000 1376
4474000 1382
4475000 1366
4476000 1467
4477000 1547
4478000 1440
4479000 1768
4480000 1488
4481000 1339
4482000 1399
4483000 1382
4484000 1410
4485000 1429
4486000 1440
4487000 1452
4488000 1396
4489000 1396
4490000 1427
4491000 1435
4492000 1406
4493000 1647
4494000 1753
4495000 1456
4496000 1589
4497000 1423
4498000 1486
4499000 1384
4500000 1389
4501000 1386
4502000 1466
4503000 1405
4504000 1401
4505000 1444
4506000 1381
4507000 1483
4508000 1420
4509000 1487
4510000 1495
4511000 1438
4512000 1584
4513000 2091
4514000 1183
4515000 924
4516000 870
4517000 864
4518000 1119
4519000 1234
4520000 1170
4521000 1056
4522000 933
4523000 950
4524000 986
4525000 1292
4526000 1704
4527000 1147
4528000 951
4529000 1344
4530000 1259
4531000 913
4532000 975
4533000 968
4534000 1064
4535000 892
4536000 1202
4537000 1253
4538000 894
4539000 1218
4540000 929
4541000 757
4542000 1132
4543000 1519
4544000 1006
4545000 1281
4546000 1052
4547000 1094
4548000 1111
4549000 1275
4550000 1178
4551000 1154
4552000 1333
4553000 979
4554000 1032
4555000 954
4556000 926
4557000 1087
4558000 1211
4559000 1264
4560000 959
4561000 985
4562000 1392
4563000 1167
4564000 1320
4565000 1587
4566000 1455
4567000 1368
4568000 1260
4569000 1072
4570000 1012
4571000 1260
4572000 1335
4573000 1130
4574000 814
4575000 940
4576000 1239
4577000 1091
4578000 1171
4579000 904
4580000 1146
4581000 1350
4582000 951
4583000 1182
4584000 999
4585000 909
4586000 1147
4587000 1108
4588000 882
4589000 871
4590000 829
4591000 1261
4592000 900
4593000 790
4594000 1146
4595000 1263
4596000 1143
4597000 1140
4598000 821
4599000 858
4600000 914
4601000 1181
4602000 1137
4603000 1006
4604000 1179
4605000 1135
4606000 1209
4607000 1303
4608000 1280
4609000 1166
4610000 797
4611000 863
4612000 890
4613000 981
4614000 821
4615000 1167
4616000 1122
4617000 1024
4618000 904
4619000 762
4620000 1195
4621000 1159
4622000 1215
4623000 1028
4624000 1088
4625000 1103
4626000 1244
4627000 1205
4628000 1048
4629000 1044
4630000 1222
4631000 992
4632000 799
4633000 960
4634000 1673
4635000 1172
4636000 1148
4637000 1241
4638000 1321
4639000 1305
4640000 855
4641000 1147
4642000 858
4643000 1391
4644000 1253
4645000 1245
4646000 730
4647000 1271
4648000 1398
4649000 1174
4650000 1152
4651000 917
4652000 778
4653000 1363
4654000 1011
4655000 1401
4656000 1153
4657000 1124
4658000 1198
4659000 1394
4660000 1229
4661000 1169
4662000 1340
4663000 1586
4664000 1611
4665000 1724
4666000 1709
4667000 1658
4668000 1670
4669000 2080
4670000 1560
4671000 1443
4672000 1492
4673000 1465
4674000 1578
4675000 1469
4676000 1465
4677000 1480
4678000 1463
4679000 1761
4680000 1315
4681000 911
4682000 757
4683000 967
4684000 1113
4685000 1284
4686000 1315
4687000 1486
4688000 964
4689000 1075
4690000 1253
4691000 1331
4692000 1190
4693000 1373
4694000 1212
4695000 1238
4696000 1351
4697000 1447
4698000 1516
4699000 1423
4700000 930
4701000 959
4702000 1093
4703000 1300
4704000 1319
4705000 1329
4706000 1277
4707000 845
4708000 866
4709000 830
4710000 1003
4711000 1224
4712000 1318
4713000 1276
4714000 799
4715000 994
4716000 1156
4717000 910
4718000 1145
4719000 822
4720000 1438
4721000 1139
4722000 829
4723000 756
4724000 943
4725000 1266
4726000 963
4727000 894
4728000 1531
4729000 1528
4730000 973
4731000 902
4732000 954
4733000 1111
4734000 862
4735000 757
4736000 963
4737000 1017
4738000 1130
4739000 1277
4740000 1043
4741000 1185
4742000 917
4743000 1516
4744000 977
4745000 773
4746000 740
4747000 729
4748000 1148
4749000 1032
4750000 755
4751000 1119
4752000 849
4753000 925
4754000 1014
4755000 1072
4756000 1139
4757000 873
4758000 989
4759000 837
4760000 814
4761000 781
4762000 1035
4763000 1239
4764000 1306
4765000 1239
4766000 1151
4767000 1184
4768000 1379
4769000 1264
4770000 1273
4771000 1058
4772000 1324
4773000 1430
4774000 1287
4775000 1362
4776000 1323
4777000 1302
4778000 1303
4779000 1183
4780000 1277
4781000 1131
4782000 974
4783000 1233
4784000 1268
4785000 1465
4786000 1258
4787000 1271
4788000 1406
4789000 1415
4790000 1121
4791000 1053
4792000 944
4793000 930
4794000 1105
4795000 952
4796000 957
4797000 1122
4798000 1043
4799000 1043
4800000 1151
4801000 1644
4802000 1250
4803000 949
4804000 1292
4805000 1393
4806000 1965
4807000 1085
4808000 1374
4809000 1090
4810000 913
4811000 1161
4812000 1099
4813000 913
4814000 1245
4815000 867
4816000 1749
4817000 1295
4818000 1440
4819000 1275
4820000 1252
4821000 1156
4822000 1155
4823000 808
4824000 972
4825000 1138
4826000 1049
4827000 1158
4828000 1159
4829000 1263
4830000 1447
4831000 1154
4832000 1093
4833000 933
4834000 1444
4835000 1281
4836000 1512
4837000 1285
4838000 1283
4839000 876
4840000 1085
4841000 964
4842000 1425
4843000 1494
4844000 1171
4845000 1424
4846000 1114
4847000 1181
4848000 1585
4849000 1188
4850000 909
4851000 1157
4852000 1197
4853000 1288
4854000 1051
4855000 1196
4856000 1978
4857000 1245
4858000 1220
4859000 1251
4860000 1716
4861000 1796
4862000 1135
4863000 809
4864000 753
4865000 873
4866000 1402
4867000 1622
4868000 1472
4869000 1202
4870000 1227
4871000 1709
4872000 1190
4873000 1105
4874000 1381
4875000 1239
4876000 1393
4877000 1738
4878000 2213
4879000 1584
4880000 1616
4881000 1629
4882000 1665
4883000 1709
4884000 1692
4885000 2310
4886000 1624
4887000 1601
4888000 1573
4889000 1714
4890000 1624
4891000 1849
4892000 1580
4893000 1624
4894000 1527
4895000 1647
4896000 1575
4897000 1631
4898000 1618
4899000 1644
4900000 1603
4901000 1634
4902000 1585
4903000 1577
4904000 2299
4905000 1780
4906000 1642
4907000 1676
4908000 1682
4909000 1666
4910000 2021
4911000 1330
4912000 964
4913000 869
4914000 834
4915000 1409
4916000 1894
4917000 1752
4918000 1617
4919000 894
4920000 782
4921000 835
4922000 1248
4923000 1818
4924000 1268
4925000 1457
4926000 1749
4927000 1897
4928000 1684
4929000 1585
4930000 1735
4931000 2292
4932000 1759
4933000 1130
4934000 882
4935000 890
4936000 959
4937000 1885
4938000 2130
4939000 1739
4940000 2038
4941000 1583
4942000 1591
4943000 1637
4944000 1676
4945000 1642
4946000 1701
4947000 1616
4948000 1578
4949000 1634
4950000 1674
4951000 2122
4952000 1610
4953000 1697
4954000 1020
4955000 1075
4956000 990
4957000 1057
4958000 1750
4959000 1795
4960000 1709
4961000 1413
4962000 949
4963000 806
4964000 837
4965000 1322
4966000 2114
4967000 1703
4968000 1610
4969000 2195
4970000 1809
4971000 2061
4972000 1600
4973000 1743
4974000 1656
4975000 2184
4976000 1910
4977000 1663
4978000 1674
4979000 2109
4980000 1788
4981000 1733
4982000 1844
4983000 1712
4984000 1669
4985000 1745
4986000 1233
4987000 861
4988000 828
4989000 1021
4990000 1803
4991000 1787
4992000 1818
4993000 1847
4994000 1780
4995000 1775
4996000 1664
4997000 1694
4998000 1756
4999000 1749
5000000 1665
5001000 1761
5002000 1679
5003000 1759
5004000 2309
5005000 1826
5006000 1724
5007000 1797
5008000 2189
5009000 1808
5010000 1916
5011000 1850
5012000 2137
5013000 1977
5014000 1902
5015000 1816
5016000 1855
5017000 1927
5018000 1670
5019000 1714
5020000 1407
5021000 1666
5022000 1665
5023000 1788
5024000 1737
5025000 1992
5026000 1791
5027000 1636
5028000 1626
5029000 1665
5030000 1635
5031000 1636
5032000 1649
5033000 1666
5034000 1631
5035000 1772
5036000 1762
5037000 1979
5038000 1756
5039000 1670
5040000 1720
5041000 1666
5042000 1634
5043000 1730
5044000 1684
5045000 1686
5046000 1669
5047000 1631
5048000 1712
5049000 1991
5050000 1722
5051000 1739
5052000 1802
5053000 1515
5054000 960
5055000 866
5056000 898
5057000 1391
5058000 2014
5059000 924
5060000 888
5061000 1492
5062000 1011
5063000 1403
5064000 1109
5065000 1277
5066000 1696
5067000 2035
5068000 2048
5069000 1511
5070000 1251
5071000 1457
5072000 1533
5073000 1513
5074000 1672
5075000 1683
5076000 1696
5077000 1099
5078000 1318
5079000 1191
5080000 1541
5081000 1264
5082000 1206
5083000 1512
5084000 1293
5085000 1479
5086000 1294
5087000 1402
5088000 1381
5089000 1510
5090000 1382
5091000 1604
5092000 1396
5093000 1451
5094000 1336
5095000 1787
5096000 1057
5097000 1446
5098000 996
5099000 1059
5100000 1205
5101000 1201
5102000 1601
5103000 1145
5104000 1218
5105000 1463
5106000 1183
5107000 1653
5108000 1651
5109000 1509
5110000 1561
5111000 1480
5112000 1494
5113000 1625
5114000 1593
5115000 1383
5116000 1390
5117000 1617
5118000 1412
5119000 1443
5120000 1166
5121000 1285
5122000 1331
5123000 1234
5124000 1056
5125000 1133
5126000 1058
5127000 884
5128000 856
5129000 1485
5130000 1051
5131000 1583
5132000 1712
5133000 1517
5134000 1282
5135000 1679
5136000 1667
5137000 1656
5138000 1466
5139000 1428
5140000 1466
5141000 1668
5142000 1492
5143000 1342
5144000 1554
5145000 1514
5146000 1360
5147000 1445
5148000 1405
5149000 1645
5150000 1337
5151000 1683
5152000 1528
5153000 1595
5154000 1556
5155000 1659
5156000 1570
5157000 1409
5158000 1646
5159000 1479
5160000 1571
5161000 1428
5162000 1531
5163000 1289
5164000 1471
5165000 1245
5166000 1367
5167000 1067
5168000 1332
5169000 1298
5170000 1402
5171000 1426
5172000 1659
5173000 1605
5174000 941
5175000 899
5176000 882
5177000 1199
5178000 1075
5179000 1027
5180000 1186
5181000 1036
5182000 1234
5183000 1179
5184000 1115
5185000 1111
5186000 1304
5187000 1080
5188000 928
5189000 1031
5190000 1188
5191000 877
5192000 1044
5193000 1313
5194000 964
5195000 1422
5196000 1311
5197000 901
5198000 1212
5199000 1523
5200000 1420
5201000 1602
5202000 1391
5203000 1682
5204000 1707
5205000 1516
5206000 1453
5207000 1542
5208000 1385
5209000 1449
5210000 1473
5211000 1427
5212000 1375
5213000 1115
5214000 1197
5215000 1533
5216000 1473
5217000 1542
5218000 1595
5219000 1122
5220000 1603
5221000 1290
5222000 1526
5223000 1468
5224000 1320
5225000 1472
5226000 1293
5227000 1467
5228000 1502
5229000 1048
5230000 1611
5231000 1772
5232000 1990
5233000 1926
5234000 1906
5235000 1768
5236000 2071
5237000 1905
5238000 1678
5239000 1816
5240000 1730
5241000 1772
5242000 1823
5243000 1709
5244000 1700
5245000 1708
5246000 1690
5247000 1716
5248000 1684
5249000 1736
5250000 1743
5251000 1701
5252000 1708
5253000 1733
5254000 1722
5255000 1714
5256000 1717
5257000 1729
5258000 1818
5259000 1740
5260000 1756
5261000 1690
5262000 1726
5263000 1705
5264000 1696
5265000 1713
5266000 1728
5267000 1756
5268000 1712
5269000 1707
5270000 1745
5271000 1743
5272000 1717
5273000 1755
5274000 1731
5275000 1734
5276000 1707
5277000 1718
5278000 1701
5279000 1729
5280000 1731
5281000 1790
5282000 1747
5283000 1769
5284000 1747
5285000 1806
5286000 1764
5287000 1740
5288000 2193
5289000 1890
5290000 1809
5291000 1770
5292000 1828
5293000 1777
5294000 1754
5295000 1745
5296000 1734
5297000 1743
5298000 1766
5299000 1728
5300000 1732
5301000 1742
5302000 1765
5303000 1747
5304000 1780
5305000 1902
5306000 1835
5307000 1794
5308000 1859
5309000 2000
5310000 1893
5311000 2101
5312000 1867
5313000 1857
5314000 1789
5315000 1837
5316000 1990
5317000 1874
5318000 2015
5319000 2009
5320000 1824
5321000 1818
5322000 1845
5323000 1926
5324000 1236
5325000 943
5326000 1041
5327000 1314
5328000 1903
5329000 1657
5330000 1687
5331000 2157
5332000 2023
5333000 1788
5334000 2053
5335000 2433
5336000 1790
5337000 1827
5338000 1799
5339000 1766
5340000 1784
5341000 1833
5342000 1825
5343000 1899
5344000 1871
5345000 1783
5346000 1800
5347000 1992
5348000 2098
5349000 1991
5350000 2404
5351000 2060
5352000 1871
5353000 1849
5354000 1885
5355000 1838
5356000 1769
5357000 1779
5358000 1778
5359000 1776
5360000 2334
5361000 1870
5362000 1955
5363000 2127
5364000 1819
5365000 1859
5366000 1955
5367000 2332
5368000 1899
5369000 1857
5370000 2042
5371000 1913
5372000 1788
5373000 1782
5374000 1773
5375000 1751
5376000 1771
5377000 1777
5378000 1801
5379000 1780
5380000 1765
5381000 1785
5382000 1767
5383000 1772
5384000 1771
5385000 1759
5386000 1777
5387000 1751
5388000 1770
5389000 1782
5390000 1782
5391000 1760
5392000 1792
5393000 1782
5394000 1760
5395000 1757
5396000 1815
5397000 1755
5398000 1795
5399000 1773
5400000 1724
5401000 1140
5402000 1195
5403000 1807
5404000 1769
5405000 1794
5406000 1781
5407000 1779
5408000 1825
5409000 1796
5410000 1808
5411000 1795
5412000 1781
5413000 1786
5414000 1829
5415000 1776
5416000 1788
5417000 1829
5418000 1935
5419000 1867
5420000 1811
5421000 1767
5422000 1816
5423000 1792
5424000 1812
5425000 1803
5426000 1808
5427000 1797
5428000 1802
5429000 1796
5430000 1771
5431000 1815
5432000 1744
5433000 1962
5434000 1835
5435000 1788
5436000 1809
5437000 1808
5438000 1759
5439000 1815
5440000 1883
5441000 1969
5442000 2045
5443000 1889
5444000 1886
5445000 1884
5446000 1890
5447000 1834
5448000 1801
5449000 1810
5450000 1799
5451000 1921
5452000 1943
5453000 2039
5454000 2067
5455000 2036
5456000 1903
5457000 1917
5458000 1914
5459000 1891
5460000 1851
5461000 1784
5462000 1792
5463000 1826
5464000 1802
5465000 1809
5466000 1809
5467000 1822
5468000 1796
5469000 1813
5470000 1805
5471000 1832
5472000 1794
5473000 1807
5474000 1808
5475000 1832
5476000 1805
5477000 1811
5478000 1823
5479000 1811
5480000 1829
5481000 1831
5482000 1842
5483000 1776
5484000 1814
5485000 1818
5486000 1835
5487000 1824
5488000 1816
5489000 1847
5490000 1800
5491000 1792
5492000 1808
5493000 1840
5494000 1840
5495000 1820
5496000 1818
5497000 1833
5498000 1813
5499000 1836
5500000 1464
5501000 1541
5502000 1555
5503000 1597
5504000 1542
5505000 1658
5506000 1417
5507000 1739
5508000 1607
5509000 1518
5510000 1708
5511000 1575
5512000 1672
5513000 1300
5514000 1432
5515000 1358
5516000 1451
5517000 1568
5518000 1365
5519000 1769
5520000 1589
5521000 1450
5522000 1405
5523000 1794
5524000 1419
5525000 1703
5526000 1271
5527000 1660
5528000 1384
5529000 1689
5530000 1516
5531000 1620
5532000 1800
5533000 1591
5534000 1522
5535000 1304
5536000 1453
5537000 1595
5538000 1647
5539000 1735
5540000 1696
5541000 1312
5542000 1740
5543000 1522
5544000 1174
5545000 1549
5546000 1726
5547000 1701
5548000 1493
5549000 1582
5550000 1846
5551000 1716
5552000 1623
5553000 1521
5554000 1611
5555000 1431
5556000 1461
5557000 1830
5558000 1303
5559000 1776
5560000 1624
5561000 1410
5562000 1716
5563000 1847
5564000 1521
5565000 1522
5566000 1690
5567000 1416
5568000 1851
5569000 1599
5570000 1648
5571000 1719
5572000 1654
5573000 1602
5574000 1819
5575000 1039
5576000 1761
5577000 1632
5578000 1559
5579000 1432
5580000 1312
5581000 1222
5582000 1155
5583000 1001
5584000 984
5585000 1719
5586000 1899
5587000 1898
5588000 2215
5589000 1460
5590000 1064
5591000 1177
5592000 1353
5593000 1024
5594000 2030
5595000 2006
5596000 2186
5597000 1631
5598000 1494
5599000 1697
5600000 1905
5601000 1882
5602000 1872
5603000 1884
5604000 1887
5605000 1872
5606000 1948
5607000 1871
5608000 1893
5609000 1883
5610000 1857
5611000 1889
5612000 1920
5613000 1943
5614000 1882
5615000 1930
5616000 1881
5617000 1864
5618000 1885
5619000 1932
5620000 1917
5621000 1876
5622000 1874
5623000 1864
5624000 2025
5625000 1968
5626000 1967
5627000 1966
5628000 2011
5629000 1909
5630000 1897
5631000 1888
5632000 1900
5633000 1908
5634000 1873
5635000 1898
5636000 1912
5637000 1899
5638000 1899
5639000 1906
5640000 1894
5641000 1927
5642000 1892
5643000 2109
5644000 1885
5645000 1943
5646000 1689
5647000 1748
5648000 1378
5649000 1672
5650000 1929
5651000 1928
5652000 1920
5653000 1922
5654000 1915
5655000 1901
5656000 1881
5657000 1883
5658000 1935
5659000 1882
5660000 1886
5661000 1913
5662000 1912
5663000 1902
5664000 1885
5665000 1900
5666000 1898
5667000 1963
5668000 1940
5669000 1984
5670000 1970
5671000 1901
5672000 1927
5673000 1929
5674000 1912
5675000 1944
5676000 1942
5677000 1899
5678000 1905
5679000 1930
5680000 1930
5681000 1903
5682000 1910
5683000 1903
5684000 1920
5685000 1939
5686000 1910
5687000 1929
5688000 1908
5689000 1900
5690000 1919
5691000 1917
5692000 1918
5693000 1955
5694000 1930
5695000 1922
5696000 1940
5697000 1963
5698000 1929
5699000 1931
5700000 1915
5701000 1998
5702000 1391
5703000 1686
5704000 1789
5705000 1564
5706000 1824
5707000 1680
5708000 1790
5709000 1683
5710000 1612
5711000 1498
5712000 1668
5713000 1878
5714000 1482
5715000 1556
5716000 1771
5717000 1519
5718000 1569
5719000 1652
5720000 1796
5721000 1470
5722000 1686
5723000 1820
5724000 1800
5725000 1569
5726000 1791
5727000 1463
5728000 1562
5729000 1650
5730000 1444
5731000 1810
5732000 1812
5733000 1860
5734000 1677
5735000 1595
5736000 1704
5737000 1564
5738000 1727
5739000 1618
5740000 1845
5741000 1621
5742000 1531
5743000 1533
5744000 1514
5745000 1722
5746000 1734
5747000 1829
5748000 1699
5749000 1595
5750000 1750
5751000 1645
5752000 1796
5753000 1677
5754000 1551
5755000 1834
5756000 1698
5757000 1764
5758000 1657
5759000 2084
5760000 1512
5761000 1641
5762000 1143
5763000 1277
5764000 1087
5765000 1956
5766000 1760
5767000 1525
5768000 1743
5769000 1908
5770000 1572
5771000 1635
5772000 1454
5773000 1105
5774000 1281
5775000 1807
5776000 1221
5777000 1607
5778000 1684
5779000 1235
5780000 1902
5781000 1683
5782000 1409
5783000 1705
5784000 1366
5785000 1678
5786000 1333
5787000 1626
5788000 1130
5789000 1657
5790000 1195
5791000 1375
5792000 1287
5793000 1214
5794000 1549
5795000 1836
5796000 1604
5797000 1850
5798000 1489
5799000 1899
5800000 1505
5801000 1615
5802000 1682
5803000 1669
5804000 1837
5805000 1729
5806000 1455
5807000 1553
5808000 1390
5809000 1616
5810000 1785
5811000 1762
5812000 1963
5813000 1552
5814000 1807
5815000 1897
5816000 1718
5817000 1238
5818000 1987
5819000 2414
5820000 1573
5821000 1147
5822000 1288
5823000 2316
5824000 1955
5825000 1778
5826000 1693
5827000 1608
5828000 1762
5829000 1466
5830000 2073
5831000 1896
5832000 1202
5833000 1750
5834000 1467
5835000 1728
5836000 2340
5837000 1462
5838000 1721
5839000 1483
5840000 1890
5841000 1485
5842000 1317
5843000 1603
5844000 1341
5845000 1437
5846000 1461
5847000 1223
5848000 1256
5849000 1354
5850000 1514
5851000 2207
5852000 1800
5853000 1721
5854000 1548
5855000 1840
5856000 1544
5857000 1793
5858000 1469
5859000 1826
5860000 1550
5861000 1785
5862000 1779
5863000 1668
5864000 1766
5865000 1546
5866000 1971
5867000 1247
5868000 1493
5869000 1117
5870000 1196
5871000 1180
5872000 1477
5873000 1261
5874000 1612
5875000 1555
5876000 1238
5877000 1771
5878000 1518
5879000 1631
5880000 1428
5881000 1948
5882000 1347
5883000 1404
5884000 1605
5885000 1461
5886000 1856
5887000 1672
5888000 1867
5889000 1476
5890000 1450
5891000 1682
5892000 1315
5893000 1533
5894000 1959
5895000 1889
5896000 1479
5897000 1728
5898000 1765
5899000 1883
5900000 1450
5901000 1754
5902000 1431
5903000 1540
5904000 1551
5905000 1348
5906000 1211
5907000 1224
5908000 1899
5909000 1273
5910000 1511
5911000 1806
5912000 2478
5913000 2360
5914000 2291
5915000 2065
5916000 2022
5917000 2054
5918000 2217
5919000 2153
5920000 2701
5921000 2405
5922000 2210
5923000 2140
5924000 2721
5925000 2390
5926000 2332
5927000 2024
5928000 2184
5929000 2116
5930000 2145
5931000 2231
5932000 2175
5933000 2362
5934000 2302
5935000 2200
5936000 2132
5937000 2316
5938000 2537
5939000 2225
5940000 2248
5941000 2481
5942000 2239
5943000 2163
5944000 2104
5945000 2267
5946000 2235
5947000 2093
5948000 2163
5949000 2150
5950000 2146
5951000 2131
5952000 2449
5953000 2352
5954000 2570
5955000 2089
5956000 1274
5957000 1616
5958000 1620
5959000 1538
5960000 1708
5961000 1645
5962000 1693
5963000 1377
5964000 1608
5965000 1777
5966000 1531
5967000 1625
5968000 1401
5969000 1775
5970000 1918
5971000 1903
5972000 1561
5973000 1450
5974000 2053
5975000 1308
5976000 1807
5977000 1816
5978000 1602
5979000 1599
5980000 1878
5981000 1573
5982000 1732
5983000 1785
5984000 1892
5985000 1300
5986000 1659
5987000 1177
5988000 1798
5989000 1573
5990000 1979
5991000 1832
5992000 1954
5993000 1482
5994000 1654
5995000 1539
5996000 1284
5997000 1564
5998000 1698
5999000 1634
6000000 1546
6001000 2619
6002000 2515
6003000 2515
6004000 2369
6005000 2171
6006000 2157
6007000 2165
6008000 2180
6009000 2205
6010000 2297
6011000 2236
6012000 2244
6013000 2233
6014000 2123
6015000 2547
6016000 2278
6017000 2676
6018000 2385
6019000 2269
6020000 2276
6021000 2247
6022000 2340
6023000 2297
6024000 2202
6025000 2257
6026000 2607
6027000 2507
6028000 2444
6029000 2191
6030000 2448
6031000 2036
6032000 2514
6033000 2541
6034000 2378
6035000 2280
6036000 2337
6037000 2357
6038000 2432
6039000 2471
6040000 1763
6041000 2336
6042000 2436
6043000 2651
6044000 2414
6045000 2329
6046000 2183
6047000 2431
6048000 2405
6049000 2489
6050000 2247
6051000 2271
6052000 2442
6053000 2430
6054000 2563
6055000 2247
6056000 2395
6057000 2193
6058000 2317
6059000 2291
6060000 2475
6061000 2295
6062000 2610
6063000 2535
6064000 2263
6065000 2527
6066000 2219
6067000 2557
6068000 3057
6069000 2601
6070000 2736
6071000 2530
6072000 2789
6073000 2430
6074000 2452
6075000 2212
6076000 2221
6077000 2233
6078000 2175
6079000 2155
6080000 2166
6081000 2149
6082000 2411
6083000 1845
6084000 1649
6085000 1942
6086000 1911
6087000 2203
6088000 2245
6089000 2164
6090000 2192
6091000 2192
6092000 2363
6093000 2406
6094000 2233
6095000 2246
6096000 2492
6097000 2386
6098000 2710
6099000 1768
6100000 2414
6101000 2321
6102000 2424
6103000 2487
6104000 2252
6105000 2530
6106000 2230
6107000 2380
6108000 2293
6109000 2552
6110000 2605
6111000 2274
6112000 2441
6113000 2406
6114000 2366
6115000 2595
6116000 2558
6117000 2284
6118000 2447
6119000 2503
6120000 2383
6121000 2642
6122000 2409
6123000 2446
6124000 2357
6125000 2835
6126000 2480
6127000 2267
6128000 2341
6129000 2603
6130000 2363
6131000 2710
6132000 2161
6133000 2178
6134000 2166
6135000 2335
6136000 2239
6137000 2295
6138000 2883
6139000 2281
6140000 2523
6141000 2378
6142000 2410
6143000 2293
6144000 2451
6145000 2649
6146000 2481
6147000 2483
6148000 2739
6149000 2302
6150000 2624
6151000 2340
6152000 2714
6153000 2520
6154000 2489
6155000 2505
6156000 2210
6157000 2877
6158000 2304
6159000 2305
6160000 2511
6161000 2517
6162000 2399
6163000 2459
6164000 2444
6165000 2116
6166000 2638
6167000 2436
6168000 2369
6169000 2303
6170000 2337
6171000 2209
6172000 2273
6173000 2795
6174000 2583
6175000 2219
6176000 1697
6177000 2194
6178000 2386
6179000 2315
6180000 2380
6181000 2265
6182000 2194
6183000 2186
6184000 2265
6185000 2348
6186000 2458
6187000 2428
6188000 2276
6189000 2362
6190000 2220
6191000 2225
6192000 2349
6193000 2863
6194000 2529
6195000 2437
6196000 2225
6197000 2565
6198000 2672
6199000 1764
6200000 2497
6201000 2519
6202000 2601
6203000 2735
6204000 2871
6205000 3113
6206000 2438
6207000 2453
6208000 2203
6209000 2215
6210000 2252
6211000 2239
6212000 2201
6213000 2379
6214000 2830
6215000 2332
6216000 2409
6217000 2603
6218000 2722
6219000 2677
6220000 2030
6221000 2600
6222000 2561